Wait 30second for jconsole connected.
Data is ready, start method.
Prepare C1:
Used memory : 7556456 bytes.
Used memory : 7 Mb.
Used time : 137 ms.

Tree builded:
Used memory : 205682440 bytes.
Used memory : 196 Mb.
Used time : 43422 ms.

all select set is generated
Used memory : 205840320 bytes.
Used memory : 196 Mb.
Used time : 47644 ms.

Method finished. frequent itemset is generated.
We found 1073 frequent itemsets.
Using Time:47644 ms


Final matching:
Used memory : 8067384 bytes.
Used memory : 7 Mb.

ResultBean generated.
Using Time:47764 ms


This is subset exporter, only the most related result will be display.
There are 1072 orginal results.
After subseting, there are 290 results.


--------RESULT--------
A set => B set		support confidence lift
[546,923,] => [661,]	0.0059	0.9867	36.6382
[935,638,] => [192,]	0.0050	0.9825	49.0248
[678,185,] => [960,]	0.0065	0.9819	35.9417
[546,217,] => [661,]	0.0059	0.9766	36.2654
[960,678,] => [185,]	0.0065	0.9746	63.7403
[546,947,] => [661,]	0.0059	0.9737	36.1561
[546,923,] => [947,]	0.0058	0.9733	26.3776
[546,661,] => [923,]	0.0059	0.9705	55.3618
[546,661,] => [947,]	0.0059	0.9705	26.3006
[960,185,] => [471,]	0.0066	0.9690	33.4824
[192,487,] => [935,]	0.0050	0.9671	55.5177
[471,185,] => [678,]	0.0066	0.9662	72.6995
[471,185,] => [960,]	0.0066	0.9647	35.3113
[935,487,] => [192,]	0.0050	0.9634	48.0734
[546,217,] => [947,]	0.0058	0.9633	26.1049
[960,185,] => [678,]	0.0065	0.9631	72.4659
[546,217,] => [923,]	0.0058	0.9616	54.8547
[546,947,] => [923,]	0.0058	0.9605	54.7933
[546,923,] => [217,]	0.0058	0.9600	17.8605
[546,661,] => [217,]	0.0059	0.9590	17.8422
[969,] => [888,]	0.0081	0.9541	25.8834
[21,857,] => [793,]	0.0070	0.9534	31.1251
[192,638,] => [935,]	0.0050	0.9527	54.6924
[978,708,] => [883,]	0.0054	0.9525	19.4318
[208,290,] => [969,]	0.0076	0.9514	112.0650
[208,290,] => [888,]	0.0076	0.9514	25.8120
[661,923,] => [546,]	0.0059	0.9502	90.4991
[33,346,] => [283,]	0.0080	0.9502	23.2787
[33,346,] => [217,]	0.0080	0.9502	17.6788
[969,] => [208,]	0.0081	0.9494	64.0157
[33,283,] => [346,]	0.0080	0.9491	27.3519
[546,947,] => [217,]	0.0058	0.9490	17.6561
[661,923,] => [947,]	0.0059	0.9486	25.7083
[857,793,] => [21,]	0.0070	0.9469	35.5164
[192,888,] => [935,]	0.0051	0.9457	54.2878
[857,413,] => [793,]	0.0069	0.9453	30.8613
[33,346,] => [515,]	0.0080	0.9443	80.9874
[935,888,] => [192,]	0.0051	0.9439	47.1021
[21,857,] => [413,]	0.0069	0.9438	35.7891
[857,793,] => [413,]	0.0069	0.9414	35.7003
[33,217,] => [346,]	0.0080	0.9413	27.1272
[857,413,] => [21,]	0.0069	0.9412	35.3029
[969,] => [290,]	0.0080	0.9388	52.3565
[803,572,] => [411,]	0.0057	0.9387	45.8594
[33,283,] => [217,]	0.0079	0.9385	17.4597
[661,923,] => [217,]	0.0058	0.9374	17.4400
[208,290,] => [458,]	0.0075	0.9352	83.2067
[583,617,] => [158,]	0.0059	0.9350	105.7719
[217,923,] => [661,]	0.0058	0.9344	34.6974
[217,923,] => [947,]	0.0058	0.9328	25.2791
[803,572,] => [350,]	0.0056	0.9321	30.3721
[579,572,] => [411,]	0.0056	0.9318	45.5193
[593,862,] => [895,]	0.0057	0.9317	27.5246
[33,217,] => [283,]	0.0079	0.9308	22.8014
[963,541,] => [494,]	0.0055	0.9305	18.2381
[803,572,] => [842,]	0.0056	0.9305	123.7319
[33,283,] => [515,]	0.0079	0.9302	79.7751
[579,572,] => [803,]	0.0056	0.9301	41.5787
[593,862,] => [120,]	0.0057	0.9301	18.7026
[208,888,] => [969,]	0.0077	0.9300	109.5449
[411,572,] => [803,]	0.0057	0.9295	41.5516
[947,661,] => [546,]	0.0059	0.9294	88.5101
[579,411,] => [803,]	0.0057	0.9287	41.5149
[583,617,] => [354,]	0.0059	0.9287	15.9158
[579,572,] => [842,]	0.0056	0.9285	123.4644
[4,373,] => [716,]	0.0053	0.9283	77.4247
[969,] => [458,]	0.0079	0.9282	82.5757
[947,661,] => [923,]	0.0059	0.9278	52.9256
[227,12,] => [722,]	0.0061	0.9269	15.8587
[579,572,] => [350,]	0.0056	0.9268	30.1984
[411,572,] => [350,]	0.0057	0.9262	30.1802
[290,888,] => [969,]	0.0077	0.9262	109.0872
[33,217,] => [515,]	0.0079	0.9261	79.4216
[21,413,] => [793,]	0.0070	0.9259	30.2294
[579,803,] => [411,]	0.0057	0.9257	45.2216
[803,572,] => [579,]	0.0056	0.9255	42.7679
[290,888,] => [208,]	0.0076	0.9249	62.3695
[227,12,] => [390,]	0.0061	0.9239	34.4096
[963,631,] => [494,]	0.0055	0.9239	18.1078
[4,716,] => [373,]	0.0053	0.9219	45.9330
[572,350,] => [411,]	0.0057	0.9217	45.0267
[217,923,] => [546,]	0.0058	0.9216	87.7714
[208,888,] => [290,]	0.0076	0.9216	51.3995
[598,782,] => [529,]	0.0074	0.9213	13.0544
[579,803,] => [842,]	0.0057	0.9208	122.4521
[579,411,] => [842,]	0.0057	0.9206	122.4180
[411,572,] => [842,]	0.0056	0.9197	122.2968
[105,815,] => [944,]	0.0057	0.9188	32.8859
[572,350,] => [803,]	0.0056	0.9184	41.0565
[411,350,] => [803,]	0.0057	0.9183	41.0491
[411,572,] => [579,]	0.0056	0.9180	42.4230
[593,895,] => [120,]	0.0058	0.9176	18.4515
[390,12,] => [722,]	0.0063	0.9156	15.6642
[963,541,] => [631,]	0.0054	0.9153	32.7696
[947,661,] => [217,]	0.0058	0.9152	17.0275
[572,350,] => [842,]	0.0056	0.9152	121.6983
[21,793,] => [413,]	0.0070	0.9150	34.6998
[793,413,] => [21,]	0.0070	0.9138	34.2775
[963,631,] => [541,]	0.0054	0.9137	24.4633
[208,888,] => [458,]	0.0076	0.9131	81.2410
[579,803,] => [350,]	0.0057	0.9128	29.7414
[722,227,] => [390,]	0.0091	0.9116	33.9500
[579,411,] => [350,]	0.0056	0.9109	29.6793
[571,623,] => [853,]	0.0071	0.9106	50.4767
[663,871,] => [471,]	0.0057	0.9103	31.4532
[853,623,] => [795,]	0.0072	0.9102	27.0824
[21,413,] => [857,]	0.0069	0.9101	57.3081
[346,283,] => [217,]	0.0083	0.9088	16.9077
[572,350,] => [579,]	0.0056	0.9086	41.9892
[21,793,] => [857,]	0.0070	0.9085	57.2101
[561,346,] => [888,]	0.0061	0.9084	24.6448
[593,895,] => [862,]	0.0057	0.9081	24.8858
[290,888,] => [458,]	0.0075	0.9080	80.7821
[373,716,] => [4,]	0.0053	0.9077	65.1142
[579,411,] => [572,]	0.0056	0.9076	57.1188
[105,862,] => [944,]	0.0056	0.9075	32.4792
[944,998,] => [54,]	0.0058	0.9074	34.9664
[54,998,] => [944,]	0.0058	0.9074	32.4760
[242,758,] => [471,]	0.0061	0.9073	31.3519
[411,350,] => [842,]	0.0057	0.9071	120.6185
[411,350,] => [572,]	0.0057	0.9054	56.9823
[944,815,] => [105,]	0.0057	0.9042	82.1958
[944,105,] => [815,]	0.0057	0.9042	66.5798
[803,350,] => [411,]	0.0057	0.9038	44.1517
[944,54,] => [998,]	0.0058	0.9031	33.2888
[579,803,] => [572,]	0.0056	0.9031	56.8326
[862,895,] => [593,]	0.0057	0.9024	34.6929
[793,413,] => [857,]	0.0069	0.9021	56.8066
[593,120,] => [895,]	0.0058	0.9019	26.6431
[978,883,] => [708,]	0.0054	0.9018	82.7367
[853,571,] => [795,]	0.0072	0.9016	26.8265
[354,583,] => [158,]	0.0060	0.9015	101.9814
[853,623,] => [571,]	0.0071	0.9014	31.0610
[411,350,] => [579,]	0.0056	0.9006	41.6193
[947,285,] => [32,]	0.0061	0.8996	21.1760
[862,895,] => [120,]	0.0057	0.8992	18.0819
[853,571,] => [623,]	0.0071	0.8991	48.7326
[571,623,] => [795,]	0.0070	0.8991	26.7511
[803,350,] => [842,]	0.0057	0.8991	119.5550
[963,494,] => [541,]	0.0055	0.8985	24.0569
[32,6,] => [472,]	0.0055	0.8979	42.2522
[862,815,] => [944,]	0.0055	0.8976	32.1246
[663,471,] => [871,]	0.0057	0.8973	31.9329
[579,350,] => [803,]	0.0057	0.8968	40.0905
[105,815,] => [494,]	0.0055	0.8961	17.5638
[105,494,] => [944,]	0.0056	0.8955	32.0508
[32,472,] => [6,]	0.0055	0.8949	41.6431
[795,623,] => [853,]	0.0072	0.8944	49.5793
[963,494,] => [631,]	0.0055	0.8936	31.9949
[853,795,] => [623,]	0.0072	0.8933	48.4174
[217,283,] => [346,]	0.0083	0.8931	25.7374
[944,105,] => [862,]	0.0056	0.8930	24.4717
[561,888,] => [346,]	0.0061	0.8923	25.7156
[579,350,] => [842,]	0.0056	0.8921	118.6255
[579,350,] => [411,]	0.0056	0.8921	43.5791
[105,862,] => [494,]	0.0055	0.8912	17.4683
[803,350,] => [579,]	0.0057	0.8912	41.1815
[593,120,] => [862,]	0.0057	0.8910	24.4167
[883,708,] => [978,]	0.0054	0.8900	78.0003
[944,105,] => [494,]	0.0056	0.8898	17.4398
[862,815,] => [105,]	0.0055	0.8894	80.8574
[995,534,] => [470,]	0.0067	0.8893	21.4971
[803,350,] => [572,]	0.0056	0.8880	55.8850
[105,862,] => [815,]	0.0055	0.8880	65.3893
[105,815,] => [862,]	0.0055	0.8880	24.3351
[354,583,] => [617,]	0.0059	0.8879	33.9663
[862,815,] => [494,]	0.0055	0.8878	17.4011
[105,494,] => [815,]	0.0055	0.8875	65.3505
[853,795,] => [571,]	0.0072	0.8871	30.5685
[32,285,] => [947,]	0.0061	0.8865	24.0234
[631,541,] => [494,]	0.0055	0.8864	17.3736
[242,471,] => [758,]	0.0061	0.8861	30.9836
[346,283,] => [515,]	0.0081	0.8857	75.9618
[494,815,] => [944,]	0.0055	0.8848	31.6679
[70,765,] => [819,]	0.0070	0.8847	70.3790
[995,470,] => [534,]	0.0067	0.8846	57.7802
[579,350,] => [572,]	0.0056	0.8841	55.6405
[390,12,] => [227,]	0.0061	0.8836	48.6002
[944,815,] => [494,]	0.0055	0.8834	17.3145
[871,471,] => [663,]	0.0057	0.8834	37.5259
[494,815,] => [105,]	0.0055	0.8832	80.2909
[105,494,] => [862,]	0.0055	0.8826	24.1885
[944,815,] => [862,]	0.0055	0.8818	24.1652
[346,283,] => [33,]	0.0080	0.8813	60.3643
[70,765,] => [684,]	0.0070	0.8809	16.2881
[888,346,] => [561,]	0.0061	0.8781	31.5517
[354,617,] => [158,]	0.0060	0.8779	99.3146
[758,471,] => [242,]	0.0061	0.8746	37.6189
[795,623,] => [571,]	0.0070	0.8745	30.1356
[494,815,] => [862,]	0.0055	0.8736	23.9408
[534,470,] => [995,]	0.0067	0.8730	57.3989
[39,825,] => [704,]	0.0104	0.8719	48.6035
[626,] => [496,]	0.0076	0.8707	60.9740
[438,75,] => [684,]	0.0067	0.8705	16.0959
[722,390,] => [227,]	0.0091	0.8704	47.8791
[227,390,] => [722,]	0.0091	0.8646	14.7927
[631,541,] => [963,]	0.0054	0.8640	65.1093
[217,283,] => [515,]	0.0080	0.8629	74.0009
[354,617,] => [583,]	0.0059	0.8618	62.0421
[684,765,] => [819,]	0.0070	0.8608	68.4835
[120,862,] => [593,]	0.0057	0.8602	33.0700
[120,862,] => [895,]	0.0057	0.8586	25.3662
[6,472,] => [32,]	0.0055	0.8583	20.2040
[217,283,] => [33,]	0.0079	0.8564	58.6556
[684,765,] => [70,]	0.0070	0.8559	35.5003
[529,782,] => [598,]	0.0074	0.8550	26.5607
[571,795,] => [853,]	0.0072	0.8532	47.2961
[944,494,] => [105,]	0.0056	0.8517	77.4256
[722,12,] => [390,]	0.0063	0.8500	31.6574
[944,862,] => [105,]	0.0056	0.8483	77.1141
[32,947,] => [285,]	0.0061	0.8458	32.5321
[944,494,] => [815,]	0.0055	0.8456	62.2655
[120,895,] => [593,]	0.0058	0.8453	32.4973
[661,217,] => [546,]	0.0059	0.8442	80.3958
[75,684,] => [438,]	0.0067	0.8432	18.6912
[661,217,] => [923,]	0.0058	0.8427	48.0726
[661,217,] => [947,]	0.0058	0.8413	22.7986
[944,494,] => [862,]	0.0055	0.8410	23.0468
[631,494,] => [541,]	0.0055	0.8407	22.5078
[571,795,] => [623,]	0.0070	0.8401	45.5336
[944,862,] => [815,]	0.0055	0.8376	61.6814
[944,862,] => [494,]	0.0055	0.8346	16.3582
[120,895,] => [862,]	0.0057	0.8336	22.8440
[631,494,] => [963,]	0.0055	0.8285	62.4362
[682,494,] => [368,]	0.0059	0.8277	10.5740
[722,12,] => [227,]	0.0061	0.8230	45.2680
[438,684,] => [75,]	0.0067	0.8145	25.8504
[947,217,] => [923,]	0.0058	0.8142	46.4487
[947,217,] => [661,]	0.0058	0.8142	30.2356
[70,684,] => [819,]	0.0070	0.8140	64.7537
[678,471,] => [960,]	0.0066	0.8123	29.7345
[678,471,] => [185,]	0.0066	0.8111	53.0485
[70,684,] => [765,]	0.0070	0.8081	47.3982
[801,] => [862,]	0.0067	0.8072	22.1207
[842,] => [803,]	0.0061	0.8072	36.0832
[947,217,] => [546,]	0.0058	0.8059	76.7491
[842,] => [411,]	0.0060	0.8019	39.1725
[842,] => [350,]	0.0060	0.7992	26.0411
[541,494,] => [631,]	0.0055	0.7983	28.5811
[842,] => [579,]	0.0060	0.7979	36.8703
[801,] => [392,]	0.0066	0.7952	32.8599
[541,494,] => [963,]	0.0055	0.7911	59.6131
[368,296,] => [829,]	0.0050	0.7902	11.6038
[842,] => [572,]	0.0059	0.7872	49.5427
[719,] => [157,]	0.0052	0.7828	68.6671
[529,598,] => [782,]	0.0074	0.7815	28.2453
[862,494,] => [944,]	0.0055	0.7639	27.3403
[862,494,] => [105,]	0.0055	0.7625	69.3182
[862,494,] => [815,]	0.0055	0.7583	55.8419
[158,] => [354,]	0.0064	0.7285	12.4851
[515,] => [346,]	0.0085	0.7281	20.9836
[392,862,] => [801,]	0.0064	0.7230	86.5919
[515,] => [217,]	0.0084	0.7230	13.4509
[158,] => [583,]	0.0064	0.7229	52.0411
[158,] => [617,]	0.0064	0.7206	27.5665
[515,] => [283,]	0.0084	0.7161	17.5434
[458,] => [208,]	0.0080	0.7082	47.7535
[458,] => [888,]	0.0080	0.7082	19.2128
[515,] => [33,]	0.0082	0.7067	48.4034
[960,471,] => [678,]	0.0066	0.7037	52.9528
[960,471,] => [185,]	0.0066	0.7016	45.8865
[458,] => [969,]	0.0079	0.7011	82.5757
[458,] => [290,]	0.0079	0.6993	39.0010
[803,411,] => [842,]	0.0058	0.6961	92.5699
[803,411,] => [579,]	0.0057	0.6937	32.0566
[803,411,] => [350,]	0.0057	0.6937	22.6036
[947,923,] => [661,]	0.0059	0.6880	25.5481
[368,494,] => [682,]	0.0059	0.6872	16.6314
[803,411,] => [572,]	0.0057	0.6864	43.1995
[296,829,] => [368,]	0.0050	0.6807	8.6958
[947,923,] => [546,]	0.0058	0.6799	64.7486
[947,923,] => [217,]	0.0058	0.6787	12.6269
[192,935,] => [888,]	0.0051	0.6516	17.6780
[192,935,] => [638,]	0.0050	0.6503	28.4232
[192,935,] => [487,]	0.0050	0.6452	20.5793
[819,] => [684,]	0.0080	0.6364	11.7684
[819,] => [70,]	0.0080	0.6348	26.3312
[481,] => [143,]	0.0056	0.6284	44.3457
[819,] => [765,]	0.0079	0.6261	36.7210
[879,] => [825,]	0.0054	0.6208	20.1235
[217,346,] => [283,]	0.0083	0.6190	15.1644
[704,] => [39,]	0.0111	0.6171	14.4917
[704,] => [825,]	0.0110	0.6143	19.9115
[722,227,] => [12,]	0.0061	0.6121	17.9227
[678,] => [471,]	0.0081	0.6095	21.0602
[217,346,] => [515,]	0.0081	0.6055	51.9330
[722,390,] => [12,]	0.0063	0.6036	17.6763
[481,] => [919,]	0.0054	0.6036	16.2696
[801,] => [569,]	0.0050	0.6024	21.2485
[217,346,] => [33,]	0.0080	0.6003	41.1164
